-7.919760843118032190e-01
-6.678280397969228455e-01
-4.886194342166506055e-01
-3.102305105096229698e-01
-1.819959530226325506e-01
-1.268920920468786795e-01
-1.348855377785781462e-01
-1.714945036604354489e-01
-1.967625654032153504e-01
-1.849300938868714828e-01
-1.354699277529312629e-01
-7.066645788689775165e-02
-2.129814926014151483e-02
-8.792735430942747940e-03
-3.336065245531900231e-02
-7.401748362337789988e-02
-1.002638686576017013e-01
-8.892261168308636388e-02
-3.744804390495823365e-02
3.307707179958934568e-02
8.710899651651421438e-02
9.129503444563197290e-02
2.988819771957012747e-02
-8.807850334673159032e-02
-2.331351951681270296e-01
-3.689284353787379844e-01
-4.678838837651475568e-01
-5.213304917072697497e-01
-5.399091632095396331e-01
-5.444943368765374769e-01
-5.535557991574688863e-01
-5.745291968767520796e-01
-6.024283599809453493e-01
-6.249879954122407044e-01
-6.311942421460664532e-01
-6.174453529379060335e-01
-5.877754003991202403e-01
-5.484248270951611604e-01
-5.007862960819595699e-01
-4.379886383671433570e-01
-3.479741831780761574e-01
-2.220954354451869228e-01
-6.480099627562242726e-02
1.019922243331068262e-01
2.441150316547962829e-01
3.278273849357520309e-01
3.342518284115740257e-01
2.691225307985454229e-01
1.621851804716292200e-01
5.540146967439952413e-02
-1.420679377887638407e-02
-2.906745383440847291e-02
3.941950906488684084e-03
6.026496469313578908e-02
1.125466985758193650e-01
1.458775857163052414e-01
1.654868079793779811e-01
1.932801402083808295e-01
2.544461702026666883e-01
3.607660540609911037e-01
5.002998962537735794e-01
6.391701191783912828e-01
7.343315418849709619e-01
7.514223957093812967e-01
6.802964597910402533e-01
5.404496478938287662e-01
3.734852955125833041e-01
2.264709447620696925e-01
1.333416312612513144e-01
1.023156824421578154e-01
1.152496543582729183e-01
1.384908751214063427e-01
1.388693491738009211e-01
9.780273975063395742e-02
1.784177213626843631e-02
-8.084988584040954385e-02
-1.720005836518060660e-01
-2.363030856089686493e-01
-2.701292600637922869e-01
-2.861933854698974766e-01
-3.060921568884164001e-01
-3.487789223210946421e-01
-4.206917597924769714e-01
-5.120294779133531815e-01
-6.009970982734273992e-01
-6.630947828112591091e-01
-6.816828453172278923e-01
-6.551193540267425952e-01
-5.962547482271748356e-01
-5.257737390879761996e-01
-4.630676797285716018e-01
-4.184108011334413679e-01
-3.899314354057423770e-01
-3.668595576879157827e-01
-3.364688732250723513e-01
-2.909410671776621049e-01
-2.310638481861240767e-01
-1.652456658381608323e-01
-1.042785996399689663e-01
-5.537138668499806682e-02
-1.896812585658163436e-02
1.053664295168052836e-02
4.067439667790407470e-02
7.570710069730236802e-02
1.132126729134269871e-01
1.444676924304115484e-01
1.583499636486052631e-01
1.467518567480647629e-01
1.084905092614472516e-01
5.016131892860416219e-02
-1.609388962344226320e-02
-7.670422119178599285e-02
-1.204696149954582324e-01
-1.407295174255806802e-01
-1.360215581953525543e-01
-1.097638430098892837e-01
-6.946244085788406963e-02
-2.544479754563140628e-02
1.093529335103280570e-02
2.979928067314528695e-02
2.633547984590623586e-02
4.043252065887934649e-03
-2.525081214124477030e-02
-4.504650873548265988e-02
-4.078845572607812248e-02
-7.313497479684571111e-03
4.684248576954667953e-02
1.013194987004602809e-01
1.323713553488574945e-01
1.238874308965218912e-01
7.539115710464376618e-02
3.083285595220263114e-03
-6.734139704325746434e-02
-1.130680588664867564e-01
-1.256321973507843470e-01
-1.152985636307607559e-01
-1.056858746219746792e-01
-1.209434578095072016e-01
-1.715289151135792056e-01
-2.466160549396669011e-01
-3.176479584297104974e-01
-3.513799681183030765e-01
-3.265642987323864599e-01
-2.460116595129973049e-01
-1.367828470406933783e-01
-3.826859204839634654e-02
1.576539327300363960e-02
1.290628450211658319e-02
-3.202298499884143751e-02
-8.419391717160901178e-02
-1.052265134952982406e-01
-7.067811843671245597e-02
1.922039447292204703e-02
1.399566521918180761e-01
2.545422123424628813e-01
3.300836253961327849e-01
3.516323241725644033e-01
3.274339139292527512e-01
2.834230964397511099e-01
2.508886114403765522e-01
2.531753711572032328e-01
2.969376977172590304e-01
3.711720257446730620e-01
4.527005161439138781e-01
5.151186855810303555e-01
5.384118448835246706e-01
5.148671702031166753e-01
4.501887807242011541e-01
3.612776609157682950e-01
2.710231477620019813e-01
2.018256580897717090e-01
1.701112467775582060e-01
1.824502236803152433e-01
2.341600851886855572e-01
3.108784232328655750e-01
3.927095025497418512e-01
4.600170762328210650e-01
4.989158155857235100e-01
5.041266496603687974e-01
4.789848462378065164e-01
4.329667597688654501e-01
3.783109739675657446e-01
3.273259615725887528e-01
2.908108611691302414e-01
2.770830587463913863e-01
2.909948558614511849e-01
3.321234729962163068e-01
3.922061875903157802e-01
4.544636658893557724e-01
4.965863112179982886e-01
4.972739227476619672e-01
4.452229416678830098e-01
3.465544722989321591e-01
2.259158604247595570e-01
1.195117763333743560e-01
6.224232012786531931e-02
7.363237849166316684e-02
1.488652140382797362e-01
2.602416861590163277e-01
3.687413338852185141e-01
4.404640827379289747e-01
4.608793985999880549e-01
4.400994525321068052e-01
4.066015502177579566e-01
3.929158055100850366e-01
4.201294856661710320e-01
4.886873961896985863e-01
5.802576499039767688e-01
6.683444706823236103e-01
7.318030987736038329e-01
7.638338171396283904e-01
7.719848862979360460e-01
7.699532133717370552e-01
7.663007478319829868e-01
7.565496561708309198e-01
7.244424562380519239e-01
6.521063821946686545e-01
5.331766902198714631e-01
3.818494811934489142e-01
2.322148156742895875e-01
1.263053525860110826e-01
9.603677566353512052e-02
1.473936278032519365e-01
2.550467363688894706e-01
3.711423274349942014e-01
4.444517032293382464e-01
4.419401373954550127e-01
3.636095942228391720e-01
2.434419275283993822e-01
1.357964501197960472e-01
9.300305110199617864e-02
1.437895817692161349e-01
2.824174648010602806e-01
4.718231532662626182e-01
6.588493909847031871e-01
7.948615403585536088e-01
8.528979766753411740e-01
8.347757813165224139e-01
7.664225921435381395e-01
6.852719087619334459e-01
6.261637920253378953e-01
6.114769782170011991e-01
6.483899054595679834e-01
7.317606837548795706e-01
8.496609132925313501e-01
9.879136317439617399e-01
1.131282943871713353e+00
1.263012423430399211e+00
1.365892012593566740e+00
1.426142524697527447e+00
1.439160203781499670e+00
1.414377320197320653e+00
1.375593306917336722e+00
1.354794533062045225e+00
1.380673218598609253e+00
1.466341931412937782e+00
1.602533832673103564e+00
1.760058446276572486e+00
1.901097005333310719e+00
1.994563942394589784e+00
2.028126059821055982e+00
2.011614017629174800e+00
1.971181229352750863e+00
1.936923457469831300e+00
1.930703154805126331e+00
1.960766625305217170e+00
2.024446788794731500e+00
2.115495542785333249e+00
2.231218196689501720e+00
2.374160427520031647e+00
2.546925942103067886e+00
2.743923695417501474e+00
2.945885362644349303e+00
3.122299610406801484e+00
3.242249445569130639e+00
3.289158703819397900e+00
3.271683501019593265e+00
3.223995611251842419e+00
3.193959242168573631e+00
3.223920320871696887e+00
3.332773980704606842e+00
3.507844010908757415e+00
3.710974847757688266e+00
3.896642823052662852e+00
4.033218462540898663e+00
4.117087727012012977e+00
4.173488966559850688e+00
4.243987846598829883e+00
4.366599048057230981e+00
4.558450631496887340e+00
4.807992265569747126e+00
5.079597264868757733e+00
5.328704145406523374e+00
5.519113188429225048e+00
5.634667192495638410e+00
5.681748237861420137e+00
5.682636537602902216e+00
5.664643564511851359e+00
5.650746157893570931e+00
5.654673279653633422e+00
5.681722387030560206e+00
5.732908351126537738e+00
5.807872099020788603e+00
5.904495471267289908e+00
6.016047900001848525e+00
6.127915645438816838e+00
6.217621978532562821e+00
6.260670238605109184e+00
6.239931668525421138e+00
6.154397359438320336e+00
6.023281177165367595e+00
5.882391753376171373e+00
5.772554589695827687e+00
5.724314792662538842e+00
5.745423332337410649e+00
5.816879433649842390e+00
5.899626722419133884e+00
5.949343159634580047e+00
5.933103614276455495e+00
5.841203827110510005e+00
5.689300721531273197e+00
5.509782976200503946e+00
5.336950044878708610e+00
5.192971587181091309e+00
5.080540218019998555e+00
4.985841834096498282e+00
4.889238875279183105e+00
4.777171131744180066e+00
4.650387409393505145e+00
4.524122248413742220e+00
4.419676019619870111e+00
4.352403597846146610e+00
4.322023241550371431e+00
4.310205780650659513e+00
4.286776688791090528e+00
4.221587838389740277e+00
4.096062164994016541e+00
3.909770673080798176e+00
3.679358491273496679e+00
3.430466017575674265e+00
3.187129151276362649e+00
2.963733736345524505e+00
2.762452567762304856e+00
2.576064281806509815e+00
2.393592107279967074e+00
2.206108521489847263e+00
2.009710616662457205e+00
1.804465682215748323e+00
1.592052303254604340e+00
1.373986638491592638e+00
1.151475526072004874e+00
9.269938138664088889e-01
7.059736895144627100e-01
4.972193598426798422e-01
3.107561132600230591e-01
1.535097270482970733e-01
2.537888376623071568e-02
-8.288377651604272867e-02
-1.884896889008501608e-01
-3.115935742013877241e-01
-4.686435767880050007e-01
-6.667313187993982870e-01
-9.005245681731931517e-01
-1.153116576653975267e+00
-1.400893484387466748e+00
-1.620782049837201644e+00
-1.797324137902388097e+00
-1.928187439678817672e+00
-2.025801258271820338e+00
-2.114159236952502408e+00
-2.221334065801353841e+00
-2.370027366945500091e+00
-2.569286854537103704e+00
-2.810200051755033623e+00
-3.068009263565463218e+00
-3.310257831533309325e+00
-3.508537812739290107e+00
-3.649020072273028603e+00
-3.737158297716329347e+00
-3.794718648737636979e+00
-3.850299419254385125e+00
-3.927366808537513965e+00
-4.035149918208198905e+00
-4.166076474532645513e+00
-4.300437896993131837e+00
-4.415835195170935812e+00
-4.496193693850630169e+00
-4.536707866416182178e+00
-4.543429586195176562e+00
-4.528236265945178474e+00
-4.503288772638126325e+00
-4.478543691417222306e+00
-4.462364894578293217e+00
-4.463560744799593749e+00
-4.492596168992339933e+00
-4.559246178916705361e+00
-4.666920214891433716e+00
-4.807664846300437667e+00
-4.961306467912690366e+00
-5.100872638725465258e+00
-5.202883599245900825e+00
-5.257387585537408370e+00
-5.272724600248439586e+00
-5.271356545228471191e+00
-5.277859096164985608e+00
-5.305482219464035865e+00
-5.348868415721001135e+00
-5.387661386256215934e+00
-5.399604008402875799e+00
-5.375994634003408379e+00
-5.330966077023936656e+00
-5.298740992462763089e+00
-5.318857091248676561e+00
-5.415861436195911871e+00
-5.584411682781352582e+00
-5.788379521139206396e+00
-5.975564418177205184e+00
-6.101073678883333073e+00
-6.147782109657763172e+00
-6.133372882280939464e+00
-6.100493495663006804e+00
-6.094500226479384608e+00
-6.139741201334262044e+00
-6.227411651963828731e+00
-6.321086730046938662e+00
-6.376205841059325863e+00
-6.363763365053361376e+00
-6.286441255000330131e+00
-6.177714599717047506e+00
-6.084845022168210882e+00
-6.046120077051142516e+00
-6.073386158994448891e+00
-6.147694036845238408e+00
-6.230452266111169202e+00
-6.283676023444821901e+00
-6.288031877689464366e+00
-6.250242949493469702e+00
-6.197067969108140950e+00
-6.159782850293702872e+00
-6.158273479951325236e+00
-6.193068133406741893e+00
-6.248607271781531303e+00
-6.304193026396215593e+00
-6.345448494618458390e+00
-6.370018317894910354e+00
-6.385085611874537825e+00
-6.398586299670959932e+00
-6.410784882573430821e+00
-6.412475850312940651e+00
-6.390291848650542228e+00
-6.336149973254049605e+00
-6.255029814698362500e+00
-6.165458645711662911e+00
-6.092015283642917112e+00
-6.053530684802480799e+00
-6.053079682091872193e+00
-6.075224073656324109e+00
-6.092835634526226229e+00
-6.079659474873414737e+00
-6.021946107508034274e+00
-5.924009128443656458e+00
-5.805270965060880251e+00
-5.689935625240367223e+00
-5.595332474798284217e+00
-5.525426602171313206e+00
-5.471590059739287248e+00
-5.418871472799970057e+00
-5.354143775038180841e+00
-5.272026925157475397e+00
-5.175292099034914273e+00
-5.070588406055204445e+00
-4.963729321876520828e+00
-4.857526383412781534e+00
-4.753311114285581951e+00
-4.655040349450803916e+00
-4.572439339212191811e+00
-4.519843863223188762e+00
-4.510277305960014083e+00
-4.547912393045681512e+00
-4.622297492799579466e+00
-4.707904111914416490e+00
-4.770177430523339090e+00
-4.776287414093491890e+00
-4.706202164292335510e+00
-4.559070112804572084e+00
-4.352706205380219018e+00
-4.117019053508517601e+00
-3.884300531398865441e+00
-3.680392141944618611e+00
-3.519908678988295403e+00
-3.405884840515672529e+00
-3.333048591530451077e+00
-3.291737486598312223e+00
-3.270663632340328864e+00
-3.258387418834352456e+00
-3.244381884032840446e+00
-3.220454413083291723e+00
-3.182508238267669043e+00
-3.132105439821238235e+00
-3.076533742168898300e+00
-3.026419560114542495e+00
-2.991497067033603408e+00
-2.975858635479403880e+00
-2.975274272623562144e+00
-2.978253762167628160e+00
-2.970453778782518928e+00
-2.940715446204487993e+00
-2.885830807769971695e+00
-2.812281829375092634e+00
-2.733375222812737260e+00
-2.663354609201672218e+00
-2.611007957088370635e+00
-2.575683059511325812e+00
-2.547442383533443877e+00
-2.510786489783836117e+00
-2.450721217139113506e+00
-2.358913334427021002e+00
-2.237036238274266786e+00
-2.097100663930177689e+00
-1.958276911848975788e+00
-1.840671567106118678e+00
-1.758801970150201566e+00
-1.717294195486653186e+00
-1.709848466339290773e+00
-1.721673457778149174e+00
-1.734601802683325200e+00
-1.733312552654614924e+00
-1.710341046414067590e+00
-1.667567841057735700e+00
-1.613902466111285738e+00
-1.560064959550096164e+00
-1.512982061934552203e+00
-1.472856713498952530e+00
-1.434138632509657230e+00
-1.389907476682496368e+00
-1.337206654831446517e+00
-1.280227448941478885e+00
-1.229319028756631349e+00
-1.195931393272613885e+00
-1.186197659861977449e+00
-1.196695743108628918e+00
-1.215395390586827329e+00
-1.227358864199730615e+00
-1.222252920610449545e+00
-1.200068123229298678e+00
-1.171277408958763200e+00
-1.151099643980463272e+00
-1.150710285190613025e+00
-1.170455743388463032e+00
-1.198963732048067943e+00
-1.219305116482960250e+00
-1.219001874247545913e+00
-1.198129691423908350e+00
-1.170736912637948990e+00
-1.158693551736813765e+00
-1.180877387123082212e+00
-1.242984532508798923e+00
-1.334440699327857249e+00
-1.434482296448080785e+00
-1.523562488096055212e+00
-1.593834867360450991e+00
-1.652930691678036856e+00
-1.718910862457617927e+00
-1.809045895653706770e+00
-1.928577082451953695e+00
-2.066435145274285290e+00
-2.201041631160243650e+00
-2.312643138992209746e+00
-2.395261159942795981e+00
-2.461384015458245589e+00
-2.535827974798858797e+00
-2.641288551111375060e+00
-2.783128719816925667e+00
-2.942511357046583509e+00
-3.082963764827738373e+00
-3.167969065327798095e+00
-3.180991788064279735e+00
-3.137487523498073916e+00
-3.082316210273132739e+00
-3.072189931897947091e+00
-3.150892068822217063e+00
-3.329000004597248541e+00
-3.577616819090420286e+00
-3.838519919944066050e+00
-4.046716940338893842e+00
-4.156268478881928630e+00
-4.157708958111783204e+00
-4.079943731747647462e+00
-3.977140389943635501e+00
-3.907037654270728577e+00
-3.909620615062854743e+00
-3.994391208855054831e+00
-4.140328206302177350e+00
-4.306876320031381766e+00
-4.450650996097954781e+00
-4.541242122970601258e+00
-4.570543675893737223e+00
-4.552728256150599506e+00
-4.516176205969625990e+00
-4.491853851584657775e+00
-4.501414870542864932e+00
-4.549811578806369106e+00
-4.625415927900742297e+00
-4.706003960502403771e+00
-4.768090232645952220e+00
-4.795965511151539573e+00
-4.786506418979937116e+00
-4.748198134123637892e+00
-4.695030443530569642e+00
-4.638235057513880655e+00
-4.580117756280527530e+00
-4.513448472785693610e+00
-4.427273870666100564e+00
-4.316437273256240381e+00
-4.189286860067808149e+00
-4.069359719352696914e+00
-3.989675687565918949e+00
-3.980845500344550647e+00
-4.057263799191963116e+00
-4.208255116617487523e+00
-4.398745897175964537e+00
-4.579353281727400748e+00
-4.702416233878622620e+00
-4.738310688926327785e+00
-4.685523411439310948e+00
-4.569870856860952735e+00
-4.433705124483313220e+00
-4.319739673366790100e+00
-4.255457768419517173e+00
-4.244195417370847601e+00
-4.265798066412249234e+00
-4.286212682043031741e+00
-4.271994820745882215e+00
-4.203734401999021486e+00
-4.083794240549367238e+00
-3.935226669234614061e+00
-3.792632678904200194e+00
-3.688930864055310455e+00
-3.643316564968191340e+00
-3.655430760034310111e+00
-3.707750684711881739e+00
-3.774628819677458225e+00
-3.833697897572350577e+00
-3.875065230073467593e+00
-3.904269863761240522e+00
-3.937539515075504148e+00
-3.991826717571545835e+00
-4.074614423897958915e+00
-4.178327938922310025e+00
-4.282030790543523757e+00
-4.360227111256330446e+00
-4.394813907462903124e+00
-4.384162119800044444e+00
-4.345456866807834828e+00
-4.308381455239429059e+00
-4.302646194654767164e+00
-4.344666833839109010e+00
-4.429413990387993216e+00
-4.530918982400689465e+00
-4.611539331254779661e+00
-4.636675305023628901e+00
-4.588625951239499123e+00
-4.473705852544435757e+00
-4.319693985204863473e+00
-4.164906398182915304e+00
-4.043404682669588190e+00
-3.972828416334044377e+00
-3.949682536785320774e+00
-3.954119581528889427e+00
-3.961681471236290442e+00
-3.956194569026270091e+00
-3.938154173474158082e+00
-3.924554533214979379e+00
-3.939696053183206814e+00
-4.001741425805194652e+00
-4.111688037630750969e+00
-4.249961794504234724e+00
-4.382522123635456346e+00
-4.474172687738813714e+00
-4.503076057280263278e+00
-4.468982050275450035e+00
-4.391768113379517224e+00
-4.301379702304319430e+00
-4.223890873413252756e+00
-4.170933030145143050e+00
-4.137392122779162129e+00
-4.108056908413287189e+00
-4.069475543915584304e+00
-4.019730671839688796e+00
-3.970213145518334930e+00
-3.939078423084430902e+00
-3.939864223202069748e+00
-3.970886318353555655e+00
-4.011312788262242357e+00
-4.027252876550279304e+00
-3.985532343187319526e+00
-3.868640337359680714e+00
-3.683708321663641261e+00
-3.461500904673049384e+00
-3.246372155925278946e+00
-3.081225349657958468e+00
-2.993656570232042569e+00
-2.989179561215062453e+00
-3.052691465744408195e+00
-3.155851469285065214e+00
-3.266566180241023964e+00
-3.357316655437311947e+00
-3.410444712469113959e+00
-3.419714181894256022e+00
-3.389458775803226409e+00
-3.332748101363259163e+00
-3.268289677157838025e+00
-3.215902206718280532e+00
-3.191407377138153034e+00
-3.201755308536111677e+00
-3.242303772799430384e+00
-3.298288105556400840e+00
-3.350518663083353221e+00
-3.382989508490408692e+00
-3.389341456497648952e+00
-3.375146407193394094e+00
-3.354743298738994461e+00
-3.343917242701976544e+00
-3.352896545202501244e+00
-3.382589644962741282e+00
-3.425444461485390946e+00
-3.470379082666289250e+00
-3.508794598000985143e+00
-3.538513958534245774e+00
-3.563639251335013469e+00
-3.590876683112113721e+00
-3.624956846878092609e+00
-3.665874332269673630e+00
-3.708941374735165830e+00
-3.747243940269434415e+00
-3.775197862136748572e+00
-3.790793025578242048e+00
-3.795474334509782999e+00
-3.792160065303887162e+00
-3.783039775877309552e+00
-3.768554288513397577e+00
-3.748839369519383347e+00
-3.725732068501172556e+00
-3.703791469415669724e+00
-3.689840974346283886e+00
-3.691241966643100447e+00
-3.713494531329601056e+00
-3.758814059298044796e+00
-3.826345338876689706e+00
-3.913242666271104397e+00
-4.015664497610702099e+00
-4.128478667107961186e+00
-4.244111353150939792e+00
-4.352096073029022349e+00
-4.440016455948352814e+00
-4.496363191615029287e+00
-4.515040416310551308e+00
-4.498905664269802429e+00
-4.459966296310065914e+00
-4.415463561332353848e+00
-4.381266482414737595e+00
-4.365680876598562854e+00
-4.367303411726669360e+00
-4.378157218257265448e+00
-4.389536110063393615e+00
-4.397411029585587272e+00
-4.404794580850158958e+00
-4.419092629565506414e+00
-4.446125409375595972e+00
-4.484397813437446700e+00
-4.523662986154655563e+00
-4.549635560682383506e+00
-4.551766934093608441e+00
-4.529711885958589868e+00
-4.494888662891362685e+00
-4.465165351988167330e+00
-4.455018661355459209e+00
-4.467103358077746833e+00
-4.490145892465627675e+00
-4.505303225750403762e+00
-4.497987650284763994e+00
-4.468687403546546477e+00
-4.436191159951430762e+00
-4.429896126230878473e+00
-4.474929012358188629e+00
-4.576999177375147276e+00
-4.714931007995400769e+00
-4.846040281897750823e+00
-4.922992823765643067e+00
-4.914693872294118471e+00
-4.821221321701042228e+00
-4.675526166154492458e+00
-4.530695145328839324e+00
-4.438679791426145549e+00
-4.429583466341418863e+00
-4.500719188822693617e+00
-4.620382752077984101e+00
-4.743764608727908616e+00
-4.832648385596531426e+00
-4.870464045834797417e+00
-4.866657405450779628e+00
-4.848941451118838231e+00
-4.848056082763979369e+00
-4.883223325494797429e+00
-4.954530972326474547e+00
-5.044758635322733831e+00
-5.128946839641499444e+00
-5.186228321204262137e+00
-5.208680408616220170e+00
-5.203651090505562848e+00
-5.188689577964044730e+00
-5.182877407319122831e+00
-5.198830306750311436e+00
-5.237636831769298951e+00
-5.288870333824106318e+00
-5.335312625733754643e+00
-5.359804855639575649e+00
-5.351679607905367675e+00
-5.310143141015883472e+00
-5.244027264936957700e+00
-5.168363412421557612e+00
-5.099184860785801909e+00
-5.048643452137889120e+00
-5.022413070884443442e+00
-5.019721963432847822e+00
-5.035806251068909667e+00
-5.065647031030347414e+00
-5.106304534821100027e+00
-5.157144174620669652e+00
-5.217758297519658583e+00
-5.284579583874312370e+00
-5.348897604331854794e+00
-5.397673306606149524e+00
-5.417543608174528735e+00
-5.401022388089087301e+00
-5.351571079323528934e+00
-5.284556955159191105e+00
-5.222751786952377628e+00
-5.187861173063196496e+00
-5.191455011165911237e+00
-5.229331141678235539e+00
-5.281995388769334276e+00
-5.321651494951658457e+00
-5.322619042890046615e+00
-5.270725803109266749e+00
-5.168133093064190220e+00
-5.032477295366666326e+00
-4.890670328771554942e+00
-4.770170233638015844e+00
-4.691742844038432558e+00
-4.665640553479553532e+00
-4.691219787924520546e+00
-4.758967764615531948e+00
-4.853366704357247485e+00
-4.955186824324310457e+00
-5.043316820696476910e+00
-5.097703614422390395e+00
-5.103677103486192301e+00
-5.056280930616682490e+00
-4.962964931883478314e+00
-4.843305508495979517e+00
-4.724042855603720170e+00
-4.630845056105685309e+00
-4.580012409557258302e+00
-4.573162482791049754e+00
-4.597549072196406961e+00
-4.631976703802744844e+00
-4.656138291602493595e+00
-4.659277961779666022e+00
-4.644307495845902523e+00
-4.625011463158873681e+00
-4.617797774893622531e+00
-4.631919013115988193e+00
-4.662587659413455654e+00
-4.690579859920406491e+00
-4.688688275539466765e+00
-4.632024116734022812e+00
-4.508261188564281596e+00
-4.323944053182038338e+00
-4.103519642144761725e+00
-3.881596504740657316e+00
-3.692088645552435100e+00
-3.558554285316056998e+00
-3.489278684220006532e+00
-3.478600509785195971e+00
-3.512213366586835139e+00
-3.572961298909078209e+00
-3.645121878273384741e+00
-3.715833339239320576e+00
-3.774281592198437174e+00
-3.810681803652676169e+00
-3.817040293767888226e+00
-3.790866451718474028e+00
-3.739212746561695333e+00
-3.679483086631823774e+00
-3.635976616593618704e+00
-3.631611378472899165e+00
-3.677599405349102124e+00
-3.765969472546731200e+00
-3.869661114629237897e+00
-3.951934951873275814e+00
-3.981380240811455806e+00
-3.945907028572213093e+00
-3.859379100222741332e+00
-3.756981684315589209e+00
-3.680796590383334621e+00
-3.662471492444315135e+00
-3.710300541432794752e+00
-3.806397570397264118e+00
-3.915334594706374016e+00
-3.999619869134759309e+00
-4.034524177831988467e+00
-4.015084379723155017e+00
-3.953155836430929160e+00
-3.867740546142862890e+00
-3.774293996794249484e+00
-3.678651164275824392e+00
-3.578670260246081813e+00
-3.472432550543578689e+00
-3.366267590112583807e+00
-3.277056065778578553e+00
-3.227682102111077977e+00
-3.237181533408421519e+00
-3.310007855496419182e+00
-3.430343337417129490e+00
-3.565459970494992525e+00
-3.676930086667178799e+00
-3.734764021090281716e+00
-3.728471109623550106e+00
-3.670294818218036159e+00
-3.589937912640712714e+00
-3.523610205019032993e+00
-3.501829990936863979e+00
-3.540237478991990372e+00
-3.635523489085576987e+00
-3.766830376719915829e+00
-3.902009896052780924e+00
-4.006283166267538220e+00
-4.051454597343039588e+00
-4.024403719011173663e+00
-3.932391991618500171e+00
-3.802802698025780526e+00
-3.676479577377278485e+00
-3.596287802422559299e+00
-3.593572385288694715e+00
-3.676702883134606026e+00
-3.826507750377860173e+00
-4.001723420756158056e+00
-4.152554113247622247e+00
-4.237071762322097257e+00
-4.234683916934074865e+00
-4.151370069672984719e+00
-4.014671734774545087e+00
-3.861139057344326275e+00
-3.722104450565091760e+00
-3.614339815993462768e+00
-3.539000684295290355e+00
-3.487606331305478147e+00
-3.451420978512815374e+00
-3.428813152095322891e+00
-3.426373263200124253e+00
-3.453490588573678632e+00
-3.513321308742066940e+00
-3.595917126779714756e+00
-3.678007000316214636e+00
-3.730220264324577872e+00
-3.729273299956994858e+00
-3.670001020034154404e+00
-3.570420918205091887e+00
-3.466094837554039465e+00
-3.395910716986143552e+00
-3.384792170377187936e+00
-3.430655646127878988e+00
-3.502489148488929338e+00
-3.551998319174413332e+00
-3.534311031061474928e+00
-3.428944751049482154e+00
-3.251286834393257497e+00
-3.048725999891757965e+00
-2.882144436480537752e+00
-2.800316396145580811e+00
-2.818878317051517257e+00
-2.913313479353022650e+00
-3.029537912528280863e+00
-3.108206724487645456e+00
-3.111284903460933116e+00
-3.038155993146280931e+00
-2.924120083371157364e+00
-2.821946118407512305e+00
-2.775470448677898716e+00
-2.798482373757388064e+00
-2.868954158918831876e+00
-2.941069427997835106e+00
-2.969072400882680096e+00
-2.931058388563894557e+00
-2.840070644293421154e+00
-2.737451174807163934e+00
-2.671954852288528581e+00
-2.675356235996048770e+00
-2.746733263956122606e+00
-2.852877868679903006e+00
-2.943906325005715807e+00
-2.976247282117925774e+00
-2.931968274716568068e+00
-2.825010958317947463e+00
-2.692030309188750525e+00
-2.573838364653369570e+00
-2.496949028984833951e+00
-2.463776705165704239e+00
-2.455350443490490697e+00
-2.444274498380079486e+00
-2.410934672240288013e+00
-2.354421981039547251e+00
-2.293519552837135933e+00
-2.258123325804869186e+00
-2.275034122649700397e+00
-2.354644982604890746e+00
-2.484489591471770620e+00
-2.631792855759461869e+00
-2.753538858105418541e+00
-2.810378461730696387e+00
-2.779863004853087904e+00
-2.664816748611228636e+00
-2.493268859362410161e+00
-2.310185381218851308e+00
-2.163698876967593332e+00
-2.089212068807213551e+00
-2.097019340562563894e+00
-2.168815000433354623e+00
-2.264099867448651437e+00
-2.334924642377162574e+00
-2.344092011371607498e+00
-2.279645218303607557e+00
-2.159489866346120834e+00
-2.023843716229162037e+00
-1.918776111336805590e+00
-1.877717854034516076e+00
-1.908540828574088355e+00
-1.991264160602323363e+00
-2.087290494592600076e+00
-2.155522359795468024e+00
-2.167343952642974081e+00
-2.114985122956255292e+00
-2.011199784455119932e+00
-1.881268288539622358e+00
-1.751516916218303965e+00
-1.640416520737832506e+00
-1.555394366043069132e+00
-1.494361544929204477e+00
-1.449757428038665141e+00
-1.412468084965341930e+00
-1.373613585667905035e+00
-1.325192573730663570e+00
-1.261226869478661472e+00
-1.179766069306561471e+00
-1.085733777272605227e+00
-9.923482764066667849e-01
-9.186511240819449364e-01
-8.829064777631673300e-01
-8.936241569938838669e-01
-9.432878178213873754e-01
-1.008558873087167740e+00
-1.057610102809004138e+00
-1.062685485318383138e+00
-1.012764008455379061e+00
-9.201295743345894174e-01
-8.170581019373350795e-01
-7.435976484770415729e-01
-7.316160501401510752e-01
-7.919623118935412709e-01
-9.102690137211754129e-01
-1.053089920150977354e+00
-1.181248837871657242e+00
-1.264088093132902157e+00
-1.288820734507934995e+00
-1.261108423833565029e+00
-1.198156414853949636e+00
-1.119319900122386136e+00
-1.038549799452065159e+00
-9.618869853276078574e-01
-8.903229597715600629e-01
-8.246452844231039192e-01
-7.685474469376507578e-01
-7.273955075871400000e-01
-7.030640118755400181e-01
-6.887328835825125006e-01
-6.673051474655988802e-01
-6.156844105715463256e-01
-5.146181836263626908e-01
-3.591977807653126686e-01
-1.645388066047622222e-01
3.678751342319032391e-02
2.056015959830694295e-01
3.119464030449268788e-01
3.486496647118881298e-01
3.354452903913233697e-01
3.112941053645905676e-01
3.177294554889842915e-01
3.801057476710568150e-01
4.954348667174257037e-01
6.322055942809550189e-01
7.429320837623910601e-01
7.840764258477476156e-01
7.346214096071899124e-01
6.051301930540351481e-01
4.326804227706405603e-01
2.640001849141171975e-01
1.353924965425845062e-01
5.844396772363814191e-02
1.755189402429487011e-02
-2.025195407450840202e-02
-8.807316021893614455e-02
-2.036138300143021940e-01
-3.626549337278320295e-01
-5.441107405399683294e-01
-7.233064878551710430e-01
-8.858058933489104669e-01
-1.033980318335115278e+00
-1.182941174735465450e+00
-1.348682526859545039e+00
-1.535355346297384571e+00
-1.729204118662383660e+00
-1.903367677523243762e+00
-2.031574009206666531e+00
-2.103069181143436328e+00
-2.130326060237743402e+00
-2.144383017404345448e+00
-2.179581162419610862e+00
-2.255198201184631657e+00
-2.363542497413413379e+00
-2.471767146140336990e+00
-2.537534793398232846e+00
-2.531520821865127502e+00
-2.455184682602844060e+00
-2.344044723057298274e+00
-2.253949976936783894e+00
-2.235979916628009434e+00
-2.311648420158332939e+00
-2.460410861919323455e+00
-2.625966253410023210e+00
-2.739335490490800495e+00
-2.748047717236062670e+00
-2.638029996986670955e+00
-2.439182956823177761e+00
-2.212501816271293720e+00
-2.024535073788576334e+00
-1.921796172536829550e+00
-1.915310546906004108e+00
-1.980595298163387419e+00
-2.072292747356558440e+00
-2.145002420310692326e+00
-2.170313571249284923e+00
-2.144152843503541739e+00
-2.083702435376503015e+00
-2.017326222412207937e+00
-1.972856970263584975e+00
-1.968812482451559376e+00
-2.010733823672497866e+00
-2.091905478748583125e+00
-2.196048893425012860e+00
-2.300428622812833890e+00
-2.380238336080344741e+00
-2.414683184826806883e+00
-2.394122891258247954e+00
-2.326075480925419825e+00
-2.236401934134122804e+00
-2.162678533984768947e+00
-2.140749427820405781e+00
-2.189226412224352991e+00
-2.298482977254416415e+00
-2.430587666089175869e+00
-2.532316112950924847e+00
-2.556353029945204192e+00
-2.482180862697542345e+00
-2.326880893359581481e+00
-2.140029060333886957e+00
-1.984587052816985775e+00
-1.912069911317479276e+00
-1.942837945756412221e+00
-2.060444818028519087e+00
-2.221659067197031767e+00
-2.376547702227628900e+00
-2.488743756527221240e+00
-2.546656732858028516e+00
-2.561831138322069545e+00
-2.557248059479940494e+00
-2.553136225729700115e+00
-2.558037110248840840e+00
-2.569051149831984571e+00
-2.579691463520610295e+00
-2.589330138428317163e+00
-2.607207592276315378e+00
-2.648467303964720188e+00
-2.724877613246120323e+00
-2.835695212927236142e+00
-2.964816150145344942e+00
-3.086327940786397495e+00
-3.176010258736149172e+00
-3.222772579479922683e+00
-3.233742309844381602e+00
-3.229799394525827871e+00
